1.643517 
0.440363 
5.657259 
7.716636 
3.706381 
4.329595 
4.507793 
4.823879 
3.992546 
0.502300 
3.456388 
3.347438 
3.375371 
2.037844 
1.021176 
3.456359 
5.613014 
2.199324 
3.118830 
4.179827 
2.221388 
0.769299 
3.152552 
2.492611 
3.814501 
2.885089 
2.647659 
2.456092 
3.559651 
4.598223 
3.824594 
3.394791 
5.853738 
2.630125 
4.182173 
1.380861 
0.809645 
0.377089 
0.576363 
1.888101 
4.042273 
3.326383 
4.159682 
1.442727 
2.997901 
3.858938 
3.003945 
0.271538 
2.671514 
4.793265 
6.118596 
1.822981 
3.177230 
0.464482 
2.854521 
3.545261 
0.336010 
3.610698 
2.998063 
0.441053 
4.431064 
2.760495 
1.162045 
1.637200 
7.010626 
1.923257 
5.161813 
7.419771 
4.272268 
0.542623 
3.394512 
1.250904 
1.336768 
0.590478 
3.804615 
0.128537 
2.594954 
0.657863 
3.017842 
3.018073 
1.020529 
1.018524 
1.038961 
1.014105 
1.016288 
1.020070 
1.018427 
1.014330 
7.032569 
1.212170 
1.023978 
1.041687 
1.018137 
1.018714 
1.219751 
1.021749 
1.018783 
15.043056 
1.214992 
1.025989 
1.017435 
1.216530 
3.020655 
1.019662 
1.018398 
7.225026 
7.228878 
1.210973 
7.026907 
3.222094 
3.219681 
