0.012783 
1.602510 
0.048076 
0.471716 
0.659310 
0.007925 
0.198655 
0.047503 
0.171648 
0.226660 
0.013161 
0.032855 
0.010841 
0.034054 
0.022558 
0.059257 
0.059677 
0.293999 
0.557898 
0.022871 
0.156596 
0.341094 
0.008594 
0.026610 
0.052894 
0.058292 
0.215066 
0.051208 
0.005970 
0.295648 
0.009713 
0.163567 
0.104496 
0.232103 
0.125104 
0.349742 
0.310318 
0.029989 
0.007032 
0.007649 
0.971641 
0.255878 
0.003507 
0.028928 
0.059744 
0.032661 
0.058518 
0.068993 
0.047259 
0.176315 
0.039697 
0.035289 
0.042610 
0.590365 
0.032162 
0.061250 
0.019109 
0.106701 
0.073730 
0.010782 
0.062227 
0.103961 
0.719038 
0.135512 
0.093949 
0.082931 
0.127042 
0.047816 
0.063244 
0.003779 
0.216372 
0.078745 
0.034342 
0.071251 
0.020759 
0.070979 
0.056002 
0.028299 
0.415558 
0.043247 
0.104803 
0.148748 
0.073847 
0.032103 
0.096122 
0.028988 
0.057402 
0.283343 
0.114073 
0.052040 
0.034045 
0.020911 
0.009076 
1.050421 
0.187828 
0.601051 
0.213843 
0.018023 
0.382916 
