10.158713 
3.911210 
6.500237 
3.676629 
4.761552 
38.707160 
7.959847 
3.958976 
8.994177 
23.003062 
9.570549 
9.161134 
9.192584 
5.622229 
8.785788 
6.056950 
6.150537 
6.256323 
20.845587 
6.440958 
13.059704 
11.352149 
8.074698 
4.434505 
5.916393 
7.337817 
21.871115 
9.820120 
7.782677 
7.959734 
10.435929 
7.729756 
4.728285 
26.353042 
4.133217 
7.801847 
2.503313 
6.201614 
24.686202 
18.200783 
7.407959 
5.919024 
7.283265 
8.395862 
8.468481 
8.511285 
7.327669 
8.773712 
5.275238 
7.936422 
5.120881 
5.097386 
5.849130 
7.417968 
18.648167 
7.028482 
8.275586 
6.157244 
4.711791 
7.514863 
6.484915 
8.698216 
4.973451 
4.395892 
2.474831 
30.942023 
6.163017 
6.784051 
5.706272 
6.033005 
5.601798 
6.466539 
6.633164 
7.738306 
7.331894 
7.452850 
6.545978 
7.960762 
7.638625 
23.597019 
5.126480 
7.209182 
6.378748 
7.758325 
3.566760 
5.706522 
4.988557 
8.222715 
8.604969 
6.299412 
6.106147 
32.690975 
7.617222 
4.815106 
6.772450 
8.324003 
6.760339 
6.652053 
6.800979 
15.763071 
