0.215710 
0.044505 
0.104141 
2.343358 
0.735868 
1.650753 
0.034331 
0.108853 
0.683324 
0.068349 
1.267272 
0.002692 
1.038524 
0.442575 
0.053867 
0.109621 
0.051420 
0.034755 
0.217688 
0.026634 
0.081896 
0.053010 
0.187936 
0.050580 
0.335622 
0.650473 
0.078684 
0.569905 
3.401034 
0.417546 
0.176247 
0.104111 
0.036802 
0.004634 
0.031199 
2.373465 
0.013873 
0.075120 
0.026338 
0.076320 
0.005952 
0.016261 
0.453338 
1.605146 
0.251369 
0.002787 
1.526423 
1.527993 
0.003550 
0.961082 
1.211657 
0.006289 
0.280341 
1.763698 
0.017631 
1.118051 
0.432627 
0.004232 
0.090189 
0.003758 
0.145390 
0.102602 
0.006642 
0.003093 
0.654821 
0.036452 
0.010404 
0.165862 
0.013345 
0.003893 
4.611165 
0.075336 
0.135237 
0.296186 
0.117772 
1.352250 
0.910527 
0.066715 
0.053939 
0.049225 
0.046809 
0.008239 
0.354409 
0.457706 
1.206474 
0.071744 
0.026850 
0.016941 
0.074241 
3.356467 
0.028240 
0.005003 
0.081674 
0.722547 
0.084724 
1.943365 
0.033055 
0.033828 
0.083596 
0.212454 
