0.004278 
0.139225 
3.064906 
0.041913 
0.017772 
5.010564 
0.004637 
0.074365 
0.461498 
0.079954 
0.004695 
0.003060 
0.082575 
0.092231 
0.999233 
0.023658 
0.015601 
0.018265 
0.004960 
0.020143 
0.018658 
0.207991 
0.101306 
0.094413 
0.146523 
0.127475 
1.412228 
0.241339 
1.325461 
0.463007 
0.002291 
0.106370 
0.640451 
0.007097 
0.023808 
0.028612 
0.033134 
0.310494 
1.325149 
0.434584 
0.003398 
0.534684 
0.011006 
0.005110 
0.057564 
0.187397 
0.012782 
0.004179 
0.027392 
0.006469 
1.484899 
0.004709 
0.050466 
0.003373 
0.461705 
1.685659 
0.682495 
0.019930 
0.011222 
0.029507 
0.043195 
0.027618 
0.005103 
0.980858 
0.012442 
1.682962 
3.099472 
0.006810 
0.002764 
0.606640 
0.013931 
0.017207 
0.003978 
0.005878 
0.097667 
0.130316 
0.029592 
0.161039 
0.018632 
0.003022 
0.635238 
0.212492 
0.004776 
0.164411 
0.027317 
0.303936 
1.767023 
2.075961 
1.024740 
0.002166 
0.085573 
0.032210 
0.033808 
0.748879 
0.159438 
4.302844 
0.251390 
0.006604 
0.017995 
0.466068 
