0.004884 
0.002845 
0.002294 
0.003869 
0.002048 
0.001609 
0.002929 
0.002815 
0.002971 
0.002123 
0.002367 
0.003074 
0.002582 
0.002305 
0.001923 
0.003117 
0.002348 
0.002657 
0.003447 
0.002456 
0.002980 
0.003458 
0.001648 
0.001801 
0.006769 
0.002730 
0.001940 
0.001900 
0.006264 
0.001787 
0.002823 
0.002672 
0.002703 
0.002185 
0.003989 
0.001592 
0.002457 
0.002390 
0.002861 
0.002705 
0.001911 
0.001876 
0.001868 
0.003123 
0.002626 
0.001910 
0.001486 
0.001770 
0.003576 
0.002810 
0.002067 
0.002470 
0.002678 
0.001971 
0.002668 
0.003185 
0.001380 
0.002012 
0.002378 
0.002628 
0.004707 
0.001631 
0.001931 
0.002543 
0.001945 
0.001770 
0.002748 
0.002859 
0.002640 
0.002140 
0.002488 
0.001489 
0.003368 
0.002520 
0.003191 
0.002465 
0.002978 
0.002756 
0.002453 
0.002777 
0.002224 
0.002551 
0.003371 
0.001907 
0.004313 
0.002612 
0.002592 
0.001794 
0.001541 
0.002436 
0.003070 
0.003466 
0.002275 
0.003437 
0.001770 
0.002191 
0.002954 
0.001654 
0.002681 
0.002174 
