0.002398 
0.004094 
0.004027 
0.005360 
0.003874 
0.002540 
0.002708 
0.001859 
0.001972 
0.002930 
0.001771 
0.001664 
0.002155 
0.003224 
0.001606 
0.003466 
0.001661 
0.001764 
0.002196 
0.002006 
0.003119 
0.001949 
0.002960 
0.002773 
0.001931 
0.003572 
0.001817 
0.002457 
0.001846 
0.003693 
0.001745 
0.001895 
0.002496 
0.001664 
0.002104 
0.001760 
0.002058 
0.002229 
0.002268 
0.002135 
0.001887 
0.002213 
0.001454 
0.003824 
0.001767 
0.002735 
0.001593 
0.002909 
0.001764 
0.002002 
0.003512 
0.001335 
0.003301 
0.003580 
0.001814 
0.001832 
0.001831 
0.004651 
0.003577 
0.003484 
0.003767 
0.001915 
0.002010 
0.002463 
0.001629 
0.001300 
0.002497 
0.001514 
0.003040 
0.002268 
0.003201 
0.003878 
0.004049 
0.001918 
0.002463 
0.001534 
0.001761 
0.002470 
0.002386 
0.001881 
0.001673 
0.001880 
0.006662 
0.002100 
0.002738 
0.001958 
0.001905 
0.005574 
0.003314 
0.008704 
0.003144 
0.001650 
0.001513 
0.003065 
0.021371 
0.002701 
0.001445 
0.002411 
0.002414 
0.002138 
