0.002938 
0.002646 
0.004236 
0.002882 
0.001584 
0.001746 
0.001709 
0.008059 
0.002064 
0.009379 
0.002703 
0.003080 
0.002408 
0.001872 
0.004464 
0.001759 
0.002348 
0.002732 
0.007876 
0.002669 
0.001565 
0.002286 
0.002943 
0.002149 
0.001663 
0.002001 
0.001814 
0.002113 
0.001680 
0.002421 
0.001622 
0.002100 
0.002034 
0.001360 
0.001443 
0.002667 
0.001890 
0.002224 
0.002317 
0.003139 
0.002170 
0.002265 
0.001917 
0.002881 
0.001674 
0.002170 
0.002289 
0.001767 
0.001640 
0.002399 
0.002195 
0.002168 
0.001851 
0.003684 
0.001577 
0.003011 
0.003094 
0.001743 
0.004100 
0.002029 
0.001207 
0.001943 
0.002200 
0.002378 
0.002816 
0.001834 
0.002258 
0.001816 
0.001627 
0.001617 
0.001799 
0.002638 
0.003490 
0.002445 
0.002047 
0.002960 
0.002008 
0.001617 
0.002715 
0.002117 
0.002810 
0.002000 
0.003295 
0.002896 
0.002189 
0.002714 
0.001736 
0.001978 
0.002397 
0.002174 
0.001893 
0.001985 
0.001661 
0.001667 
0.002196 
0.002273 
0.002449 
0.003162 
0.001840 
0.002109 
