0.003533 
0.003609 
0.003055 
0.002893 
0.002697 
0.003459 
0.003084 
0.003859 
0.002618 
0.002646 
0.002288 
0.003510 
0.002247 
0.002897 
0.002151 
0.002411 
0.003707 
0.001446 
0.003127 
0.001956 
0.003052 
0.002167 
0.002293 
0.002733 
0.001650 
0.005530 
0.002492 
0.001702 
0.001827 
0.003435 
0.002467 
0.001520 
0.002047 
0.004228 
0.002342 
0.002959 
0.002235 
0.002291 
0.001839 
0.001518 
0.001810 
0.001467 
0.001830 
0.003980 
0.001671 
0.003225 
0.001884 
0.001860 
0.002154 
0.001699 
0.003895 
0.001848 
0.002152 
0.001682 
0.002210 
0.002204 
0.002241 
0.001907 
0.002296 
0.002490 
0.001576 
0.002816 
0.003625 
0.002017 
0.001649 
0.001533 
0.003898 
0.001980 
0.001535 
0.001954 
0.001652 
0.002060 
0.003386 
0.001922 
0.001889 
0.002215 
0.001843 
0.002933 
0.001834 
0.001390 
0.003819 
0.009423 
0.001808 
0.002118 
0.001777 
0.005292 
0.003824 
0.003645 
0.003349 
0.001452 
0.001794 
0.001622 
0.004503 
0.001764 
0.002152 
0.002299 
0.002804 
0.001727 
0.002333 
0.002064 
