6.839056 
1.080005 
0.047849 
5.975576 
0.049503 
0.061736 
0.055655 
7.401009 
0.045158 
0.051311 
4.226988 
4.064140 
4.976166 
4.322837 
0.942452 
5.838449 
11.267724 
4.852203 
3.270865 
3.214296 
4.184633 
3.120413 
4.671610 
3.654520 
5.235921 
0.049047 
2.449800 
1.427921 
7.511648 
0.435641 
4.991165 
0.051415 
1.808571 
3.394816 
0.636066 
3.644947 
2.428583 
11.586562 
1.606158 
0.044801 
0.040349 
5.815335 
2.871013 
1.182530 
2.194260 
4.054534 
0.358679 
4.369807 
1.407033 
1.203366 
4.742108 
2.761483 
0.352464 
3.551902 
0.373101 
3.979901 
4.792310 
5.000302 
0.543370 
0.524019 
5.429013 
3.871209 
4.909156 
0.941148 
5.243891 
0.510873 
1.898803 
6.157890 
2.938582 
5.414901 
4.612358 
4.672831 
2.996791 
2.640291 
1.074635 
2.791282 
3.525726 
4.837659 
5.173021 
2.831490 
3.196509 
1.872820 
0.407335 
1.523733 
0.261137 
4.762208 
0.431288 
2.754115 
0.359421 
3.126133 
4.307218 
0.457325 
4.739060 
3.115020 
1.685823 
5.446133 
4.356151 
0.586333 
0.509746 
2.514963 
4.267355 
2.167087 
3.837893 
2.565650 
4.401705 
5.027948 
4.892946 
6.302454 
4.008534 
3.696031 
3.827168 
4.052758 
2.133225 
5.577559 
3.885568 
3.456797 
4.927855 
3.635368 
0.435277 
4.482153 
0.455651 
5.604582 
0.419024 
2.216954 
4.365818 
3.714150 
4.980543 
3.011962 
4.767903 
1.626828 
3.906830 
3.884046 
6.580367 
5.630834 
5.097490 
3.725523 
1.632967 
4.109562 
0.303025 
3.225061 
4.198404 
