0.013148 
2.979991 
3.306909 
0.346823 
0.014465 
5.287304 
0.299627 
1.220089 
0.399592 
0.029517 
0.221413 
0.066336 
0.048913 
0.119635 
0.250245 
0.461945 
0.662112 
1.691695 
2.271335 
0.538912 
0.026390 
0.023512 
0.023300 
0.006875 
2.133849 
0.017271 
0.163093 
0.048805 
0.180284 
2.816488 
0.018784 
0.278299 
0.244760 
1.997814 
0.039261 
0.084690 
0.053851 
0.030150 
0.048218 
0.058570 
0.649553 
0.036976 
0.133582 
0.035400 
0.579229 
0.004436 
0.017763 
3.991132 
0.057730 
0.006953 
1.919708 
1.283220 
0.090230 
0.090070 
0.003895 
0.010607 
0.541535 
0.121780 
0.124667 
2.047068 
0.048661 
0.045970 
0.101782 
0.007873 
0.006679 
0.372823 
0.808145 
0.026624 
0.273065 
0.209188 
0.256266 
0.004311 
1.924862 
0.065237 
0.081052 
3.043988 
0.244217 
0.934975 
0.157153 
0.021034 
0.084613 
0.007527 
0.490752 
0.062718 
3.002114 
0.646833 
0.003664 
0.030107 
0.012640 
0.025574 
0.091071 
2.347270 
0.271789 
0.127093 
