0.002409 
0.002950 
0.002411 
0.002218 
0.003788 
0.002479 
0.003117 
0.002883 
0.002627 
0.002635 
0.003645 
0.002237 
0.002367 
0.002147 
0.001535 
0.002007 
0.002077 
0.001867 
0.001984 
0.002845 
0.002018 
0.001585 
0.001784 
0.002030 
0.002650 
0.003268 
0.005241 
0.003036 
0.003028 
0.002813 
0.003736 
0.003898 
0.002881 
0.003286 
0.002847 
0.003379 
0.003636 
0.007594 
0.004002 
0.002436 
0.001630 
0.003340 
0.003050 
0.005476 
0.002657 
0.001970 
0.004602 
0.002415 
0.002718 
0.003539 
0.003052 
0.002755 
0.004563 
0.002604 
0.004490 
0.003364 
0.002300 
0.002626 
0.003828 
0.003563 
